2009/10/03 16:24:00   9 260  33   364    -0.9
2009/10/13 04:54:00   2 282  38  3211 -------
2009/10/14 00:24:00  12 261  43    70    -0.9
2009/10/14 08:54:00  12 262  43   140     0.5
2009/10/16 16:54:00   9  87  34   211    -3.9
2009/10/17 00:24:00   3 271  27   569   -14.4
2009/10/18 00:24:00   3  91  42   556    64.8
2009/10/18 02:24:00   6  90  42   246   -12.8
2009/10/31 04:24:00  12  88  98   267     4.1
2009/10/31 16:54:00   7 274  56   540     6.9
2009/10/31 20:54:00   3 273  46   233     0.0
2009/10/31 23:24:00   4 261  35   398    57.6
