HEL	CME	Pre-event		Last full visibility COR 2		GCS PARAMETER						HI-Date		FIT		HI List								
no	no	date	time	date	time	carlon	stoney	lat	tilt	Asp. Ratio	h_angle	date	time	APEX SPEED	CME-Mass	SpeedFPF	FPF		SpeedSSEF	SSEF		SpeedHMF	HMF	
-	-	yyyymmdd	hhmm	yyyymmdd	hhmm	deg	lon, old	deg	deg	-	deg		hhmm	km/s	g	km/s	LON	LAT	km/s	LON	LAT	km/s	LON	LAT
1	35	2007-05-09	02:22	2007-05-09	12:52	88	-116	1	-17	0,43	10,1	2007-05-09	10:50	282	9,50E+15	256	-92	0	274	-105	1	297	-120	1
2	38	2007-05-15	18:52	2007-05-16	01:22	39	-79	13	52	0,35	28,2	2007-05-16	00:50	352	4,00E+15	352	-47	7	368	-53	8	378	-59	8
3	49	2007-06-04	17:00	2007-06-05	09:23	320	111	-10	2	0,45	28	2007-06-05	09:29	192	3,80E+15	319	92	0	347	107	0	381	123	0
4	50	2007-06-07	18:30	2007-06-08	03:54	240	68	-12	-10	0,26	17	2007-06-08	03:29	292	1,60E+15	469	57	-22	479	61	-23	485	66	-23
5	60	2007-07-08	16:52	2007-07-09	00:52	55	-69	-8	7	0,23	24,6	2007-07-08	22:49	337	5,00E+14	504	-72	11	546	-86	9	593	-102	7
6	71	2007-08-21	07:00	2007-08-21	14:23	25	118	-13	33	0,24	13,1	2007-08-21	15:30	409	2,90E+15	407	76	-15	437	90	-16	475	106	-16
7	78	2007-10-08	14:20	2007-10-09	01:24	40	52	10	1	0,3	12,6	2007-10-09	00:49	238	2,80E+15	334	34	8	343	38	8	348	43	8
8	83	2007-11-04	10:22	2007-11-04	22:52	310	-43	12	-27	0,3	18,5	2007-11-04	21:29	259	3,10E+15	425	-33	9	440	-39	9	449	-44	10
9	86	2007-11-16	09:20	2007-11-16	16:23	323	125	-15	6	0,32	18,4	2007-11-16	20:09	344	1,60E+15	334	-44	9	343	-50	9	348	-56	10
10	92	2007-12-31	00:22	2007-12-31	03:52	244	-88	-14	-58	0,33	23	2007-12-31	02:49	844	6,00E+15	347	-36	-24	391	-52	-25	430	-69	-25
11	93	2008-01-02	09:52	2008-01-02	13:22	249	-52	-8	13	0,43	9,5	2008-01-02	12:49	773	6,10E+15	681	-56	-6	711	-66	-5	741	-77	-4
12	96	2008-01-29	00:22	2008-01-29	08:23	53	105	3	5	0,23	10,3	2008-01-29	10:09	255	1,30E+15	345	106	6	384	129	5	427	-131	3
13	100	2008-02-12	01:52	2008-02-12	16:22	214	95	-26	4	0,37	17,9	2008-02-12	16:09	227	4,60E+15	373	62	-30	471	74	-29	623	85	-27
14	104	2008-02-23	17:52	2008-02-24	08:22	206	-120	19	25	0,24	11,7	2008-02-24	07:29	202	3,80E+15	338	-79	21	384	-99	21	445	-121	18
15	107	2008-03-17	09:52	2008-03-17	19:53	72	43	7	35	0,2	7,8	2008-03-17	19:29	258	3,30E+15	311	31	4	320	35	5	325	39	6
16	111	2008-03-25	18:22	2008-03-25	21:22	198	-85	-7	-8	0,49	21,5	2008-03-25	20:09	975	3,10E+15	619	-78	1	728	-98	3	900	-122	4
17	121	2008-04-26	14:21	2008-04-26	18:22	203	-19	6	15	0,22	14	2008-04-26	19:29	669	2,60E+15	294	4	13	312	-2	9	324	-7	5
18	125	2008-05-17	09:52	2008-05-17	12:52	264	-44	-12	0	0,38	11,7	2008-05-17	12:49	999	8,00E+14	709	-49	-5	780	-64	-5	861	-81	-5
19	130	2008-06-01	12:22	2008-06-02	10:22	49	-48	-3	0	0,39	21,2	2008-06-02	07:29	204	3,90E+15	357	-22	-2	372	-28	-2	381	-35	-3
20	158	2008-10-26	18:00	2008-10-27	06:24	9	52	-1	0	0,36	12,9	2008-10-27	04:49	216	2,90E+15	437	33	2	453	42	1	468	51	0
21	176	2008-12-12	06:52	2008-12-12	14:52	70	4	5	51	0,27	10,1	2008-12-12	14:09	419	4,50E+15	456	-22	11	470	-29	13	481	-36	14
22	179	2008-12-27	04:52	2008-12-27	12:22	199	-30	16	-44	0,26	7,8	2008-12-27	10:49	527	2,30E+15	440	-36	13	464	-47	15	488	-60	16
23	186	2009-01-14	05:22	2009-01-14	12:22	326	-26	2	-45	0,25	18,5	2009-01-14	08:49	426	3,00E+15	484	-28	2	503	-35	3	521	-42	4
24	195	2009-02-10	23:52	2009-02-11	07:22	347	0	-7	3	0,22	10,6	2009-02-11	05:29	316	3,00E+15	250	-39	-6	257	-47	-5	264	-56	-4
25	198	2009-02-18	04:22	2009-02-18	16:52	202	-47	11	-1	0,3	24,6	2009-02-18	15:29	282	2,40E+15	333	-30	13	349	-41	15	366	-53	16
26	226	2009-04-23	16:22	2009-04-24	09:22	38	-78	-2	-20	0,31	8,9	2009-04-23	06:49	478	6,50E+15	320	-49	29	352	-66	27	395	-83	22
27	262	2009-08-04	05:22	2009-08-05	00:22	222	24	-3	0	0,29	12	2009-08-05	01:29	311	4,70E+15	359	6	-8	366	3	-9	370	0	-9
28	288	2009-10-31	03:08	2009-10-31	10:08	157	33	-3	-36	0,4	12,9	2009-10-31	10:09	383	5,30E+15	373	24	-6	391	26	-6	399	29	-6
29	299	2009-11-21	07:08	2009-11-21	15:09	169	-36	-2	6	0,39	13,7	2009-11-21	18:09	320	4,10E+15	353	-8	12	358	-9	12	360	-10	12
30	307	2009-12-16	02:08	2009-12-16	07:08	238	-2	7	-6	0,31	22,4	2009-12-16	08:09	371	2,20E+15	416	-22	5	446	-36	6	479	-51	7
31	325	2010-02-01	14:08	2010-02-01	22:09	39	67	-18	15	0,28	23,2	2010-02-02	00:49	382	6,70E+15	406	33	-28	420	37	-26	429	41	-24
32	333	2010-02-11	12:00	2010-02-12	01:10	219	20	-16	-23	0,23	16,5	2010-02-12	10:49	212	2,00E+14	630	5	-5	673	19	-5	719	33	-5
33	337	2010-02-13	20:08	2010-02-14	06:08	198	28	11	-27	0,33	17,9	2010-02-14	10:09	246	2,40E+15	499	34	13	522	41	9	539	48	5
34	347	2010-02-24	12:08	2010-02-25	01:08	340	-48	-24	-20	0,34	18,2	2010-02-24	23:29	317	2,00E+15	465	-36	-24	521	-55	-20	593	-74	-14
35	351	2010-03-01	00:08	2010-03-01	07:08	19	47	-19	5	0,4	18,2	2010-03-01	06:09	315	3,20E+15	531	-10	-34	553	-22	-34	575	-33	-33
36	369	2010-03-19	10:08	2010-03-19	21:08	106	19	-12	-7	0,39	18,7	2010-03-19	20:49	267	2,60E+15	362	27	-4	374	27	-4	379	28	-4
37	373	2010-03-26	07:08	2010-03-26	17:08	21	24	-1	-40	0,24	9,8	2010-03-26	18:09	244	3,80E+15	391	19	0	403	15	0	409	11	0
38	377	2010-03-30	00:08	2010-03-30	13:08	254	-52	-29	-17	0,41	14,5	2010-03-30	12:49	242	1,60E+16	544	-29	-30	631	-52	-27	756	-76	-19
39	391	2010-04-18	21:08	2010-04-19	05:08	92	45	-21	13	0,51	15,9	2010-04-19	06:09	362	5,00E+15	449	26	-23	470	20	-26	482	13	-29
40	392	2010-04-19	18:08	2010-04-20	00:08	86	50	26	-28	0,62	10,9	2010-04-20	02:09	428	6,50E+15	405	10	27	427	-2	29	447	-15	30
41	416	2010-05-23	14:08	2010-05-23	23:09	321	13	8	-10	0,48	14	2010-05-23	23:29	394	3,20E+15	355	2	3	378	14	4	400	27	6
42	434	2010-06-16	10:08	2010-06-16	21:08	326	-25	3	-8	0,26	24,6	2010-06-16	22:09	238	2,10E+15	373	-13	14	381	-9	15	386	-6	15
43	474	2010-08-14	10:08	2010-08-14	13:08	353	58	-5	3	0,82	31	2010-08-14	12:49	952	6,90E+15	668	-4	-9	723	-18	-10	787	-34	-11
44	476	2010-08-15	08:08	2010-08-15	15:08	311	31	33	-25	0,37	21,5	2010-08-15	14:49	336	3,60E+15	406	35	28	423	29	30	433	24	32
45	519	2010-10-10	22:08	2010-10-11	07:09	226	-26	7	-41	0,52	35,5	2010-10-11	07:30	339	3,40E+15	353	-37	14	361	-38	14	365	-39	13
46	546	2010-11-16	06:08	2010-11-16	16:08	86	-47	-26	-3	0,38	19,3	2010-11-16	16:09	422	2,50E+15	411	-19	-28	453	-37	-24	506	-55	-16
47	561	2010-12-06	17:08	2010-12-07	00:08	163	-62	-35	46	0,41	16,5	2010-12-07	01:29	386	9,20E+15	748	-44	-20	933	-66	-9	1213	-91	-5
48	566	2010-12-12	04:08	2010-12-12	09:09	215	61	-14	11	0,4	24,9	2010-12-12	12:49	515	9,40E+15	462	-44	34	471	-47	33	477	-50	31
49	568	2010-12-14	15:08	2010-12-14	18:09	172	50	30	-37	0,25	21	2010-12-14	20:49	1050	5,00E+15	402	15	39	455	36	32	527	56	21
50	574	2010-12-23	04:08	2010-12-23	13:08	350	-17	-14	-16	0,46	10,3	2010-12-23	12:49	334	2,70E+15	500	43	26	518	42	26	534	42	26
51	587	2011-01-09	20:08	2011-01-10	07:08	200	67	21	-35	0,26	8,4	2011-01-10	09:29	339	2,30E+15	552	-25	31	680	-39	20	743	94	8
52	603	2011-01-24	01:08	2011-01-24	10:08	4	57	-8	-40	0,15	7	2011-01-24	09:29	577	4,70E+15	394	14	-6	399	13	-6	403	12	-6
53	612	2011-01-30	00:08	2011-01-30	20:08	182	-40	-12	-20	0,26	11,7	2011-01-30	13:29	309	5,60E+15	311	11	-16	317	4	-15	323	-3	-15
54	622	2011-02-14	13:08	2011-02-15	00:08	0	-23	7	12	0,28	23,2	2011-02-14	20:09	331	3,40E+15	514	-1	0	546	-14	1	581	-27	1
55	624	2011-02-16	02:08	2011-02-16	08:08	340	-25	31	-20	0,39	20,7	2011-02-16	08:49	427	2,50E+15	637	-29	30	769	-47	22	852	-62	13
56	635	2011-03-03	01:08	2011-03-03	10:08	160	-6	-22	-20	0,3	12,9	2011-03-03	07:29	465	3,10E+15	487	29	-17	491	31	-17	494	33	-17
57	653	2011-03-14	04:00	2011-03-14	14:09	335	-44	37	-36	0,26	52	2011-03-14	15:29	420	3,00E+15	386	-52	30	394	-51	30	397	-50	30
58	661	2011-03-21	02:08	2011-03-21	04:08	51	118	22	-69	0,33	63,2	2011-03-21	06:09	1630	2,70E+15	--	--	--	--	--	--	--	--	--
59	668	2011-03-25	06:08	2011-03-25	19:08	235	3	-7	0	0,39	24	2011-03-25	16:09	330	2,00E+15	415	-1	-5	449	-16	-5	489	-32	-6
60	675	2011-03-29	20:00	2011-03-29	23:24	76	-102	-2	0	0,83	20,1	2011-03-29	23:29	1617	6,00E+15	714	-12	-10	755	1	-10	798	14	-9
61	679	2011-04-03	00:08	2011-04-03	06:08	86	-34	-48	22	0,39	34,4	2011-04-03	06:09	662	2,50E+16	534	23	-37	550	12	-39	565	1	-40
62	680	2011-04-04	00:08	2011-04-04	06:08	86	-21	8	-17	0,26	19,6	2011-04-04	04:09	916	5,00E+15	841	6	-5	864	-2	-5	886	-10	-5
63	682	2011-04-07	05:08	2011-04-07	12:08	58	-6	-17	0	0,59	50,9	2011-04-07	10:09	444	5,60E+15	645	-46	4	844	-71	0	974	-84	-5
64	689	2011-04-12	00:08	2011-04-12	06:08	26	25	31	-4	0,62	38,6	2011-04-12	06:49	355	3,10E+15	357	48	17	370	56	15	381	64	13
65	696	2011-04-17	00:08	2011-04-17	10:08	240	-53	22	16	0,21	10,9	2011-04-17	12:09	291	3,90E+15	331	30	38	333	30	38	333	31	37
66	732	2011-05-18	18:08	2011-05-18	22:08	316	79	-2	-16	0,76	43,3	2011-05-18	20:49	1024	3,00E+15	669	65	-16	697	66	-15	708	66	-15
67	733	2011-05-19	04:08	2011-05-19	09:08	299	68	22	10	0,15	15,1	2011-05-19	08:09	848	3,50E+15	586	15	31	603	6	30	618	-4	29
68	743	2011-05-29	10:08	2011-05-29	15:08	35	-60	-7	13	0,63	53,1	2011-05-29	14:09	755	3,10E+15	664	-40	-12	883	-66	-10	946	-18	-7
69	748	2011-06-01	03:08	2011-06-01	11:08	41	-16	-14	1	0,18	15,4	2011-06-01	10:49	374	3,60E+15	440	-11	-11	476	-26	-12	519	-43	-12
70	750	2011-06-01	17:08	2011-06-01	21:08	60	8	-4	5	0,43	23,8	2011-06-01	21:29	643	5,00E+15	756	-32	3	915	6	11	1179	-81	-6
71	751	2011-06-02	05:08	2011-06-02	09:08	97	42	12	55	0,4	24	2011-06-02	08:09	1070	1,30E+16	1108	-28	5	1426	-52	-1	2069	-84	-7
72	754	2011-06-04	06:08	2011-06-04	08:08	140	121	6	-24	0,71	21,2	2011-06-04	10:09	1070	1,50E+16	930	5	40	989	-10	37	1062	-25	32
73	755	2011-06-04	21:08	2011-06-04	23:08	141	130	19	55	0,7	36,6	2011-06-05	00:49	2616	1,10E+16	1122	-47	23	1550	-69	6	1421	-13	-7
74	756	2011-06-05	04:08	2011-06-05	11:08	335	-30	48	80	0,38	33,5	2011-06-05	12:09	484	6,40E+15	506	-22	34	576	-41	26	680	-59	13
75	757	2011-06-06	07:08	2011-06-06	13:08	97	107	-32	32	0,37	11,5	2011-06-06	12:49	551	5,10E+15	384	23	6	402	25	6	427	27	5
76	758	2011-06-07	06:08	2011-06-07	08:08	34	54	-14	-5	0,6	10,3	2011-06-07	08:09	1427	2,20E+16	625	29	-11	677	16	-14	730	1	-16
77	769	2011-06-12	16:08	2011-06-13	01:08	356	92	8	-44	0,7	31,6	2011-06-13	00:49	367	5,00E+16	400	57	2	415	65	4	428	73	5
78	772	2011-06-14	06:08	2011-06-14	12:08	202	-43	-1	36	0,28	57,3	2011-06-14	10:49	613	1,80E+16	1008	-25	1	1254	-49	-3	1713	-78	-7
79	777	2011-06-21	02:08	2011-06-21	05:08	149	-7	13	-9	0,32	26,6	2011-06-21	04:09	1110	5,20E+15	1229	-21	6	1512	-44	1	1970	-71	-4
80	821	2011-08-03	12:54	2011-08-03	15:30	324	23	24	-40	0,52	19,8	2011-08-03	15:29	1273	4,00E+15	1201	11	16	1386	32	15	1658	55	12
81	822	2011-08-04	03:54	2011-08-04	04:54	329	35	22	60	0,79	62,9	2011-08-04	04:49	1784	1,20E+16	1435	-14	32	1787	-39	23	2457	-65	7
82	831	2011-08-11	10:54	2011-08-11	12:54	262	65	2	50	0,23	21	2011-08-11	13:29	1017	3,00E+16	721	30	-34	765	28	-29	816	26	-23
83	851	2011-09-02	03:54	2011-09-02	15:55	127	-138	-33	23	0,56	9,5	2011-09-02	15:29	265	4,10E+15	361	-45	-5	367	-47	-5	370	-50	-5
84	861	2011-09-06	20:00	2011-09-07	01:36	246	40	34	27	0,42	35,5	2011-09-07	01:29	623	8,40E+15	569	15	29	674	38	23	839	62	13
85	867	2011-09-07	22:54	2011-09-08	01:54	227	34	32	3	0,45	15,9	2011-09-08	00:09	699	5,00E+15	580	47	24	590	51	23	598	55	21
86	871	2011-09-09	05:54	2011-09-09	12:54	201	27	-3	16	0,37	19,3	2011-09-09	12:49	307	2,70E+15	396	39	-1	399	39	-1	401	39	-1
87	873	2011-09-10	02:54	2011-09-10	06:54	179	15	48	-40	0,48	10,9	2011-09-10	06:49	635	3,60E+15	552	30	38	571	18	40	589	6	40
88	874	2011-09-10	08:54	2011-09-10	12:54	192	31	-16	26	0,43	34,9	2011-09-10	13:29	800	4,80E+15	605	24	-15	653	9	-15	707	-7	-13
89	879	2011-09-13	22:54	2011-09-14	02:54	132	19	21	-6	0,47	12,3	2011-09-14	03:29	504	4,20E+15	668	23	5	688	14	5	708	5	5
90	881	2011-09-14	19:54	2011-09-15	02:54	131	31	-6	29	0,3	12,6	2011-09-15	02:09	404	5,90E+15	420	11	-5	477	-8	-4	555	-30	-2
91	890	2011-09-21	21:54	2011-09-22	00:54	120	111	4	16	0,53	18,7	2011-09-22	02:09	1243	1,20E+17	638	39	36	674	24	39	711	7	40
92	891	2011-09-22	10:54	2011-09-22	12:54	281	-81	3	-24	0,66	18,7	2011-09-22	12:49	1200	5,00E+17	805	-13	11	1041	-39	9	1575	-72	4
93	898	2011-09-24	18:54	2011-09-24	21:54	290	-41	32	-12	0,25	21,2	2011-09-24	21:29	963	3,70E+15	836	-52	22	1022	-75	5	1358	-98	-1
94	901	2011-09-25	00:54	2011-09-25	11:54	34	71	-25	23	0,36	6,4	2011-09-25	12:49	714	3,30E+15	563	39	-24	581	30	-25	596	21	-25
95	911	2011-10-01	20:54	2011-10-02	23:34	136	-88	8	21	0,67	38,3	2011-10-02	00:49	1478	1,00E+17	631	-67	25	657	-73	21	676	-80	16
96	941	2011-10-22	10:54	2011-10-22	12:54	59	93	45	-6	0,59	45,8	2011-10-22	13:29	600	1,10E+16	1112	32	30	1455	55	16	1963	79	-4
97	950	2011-10-26	07:54	2011-10-26	15:54	306	34	10	15	0,49	10,3	2011-10-26	15:29	415	9,00E+14	435	10	11	486	-8	12	553	-28	12
98	962	2011-10-31	15:54	2011-10-31	20:54	207	4	31	4	0,32	15,7	2011-10-31	21:29	495	1,90E+15	524	-9	30	630	-34	25	808	-60	15
99	969	2011-11-05	02:54	2011-11-05	10:54	199	56	56	-58	0,43	15,9	2011-11-05	11:30	288	4,60E+15	798	14	35	921	35	26	1104	55	13
100	971	2011-11-07	22:54	2011-11-08	02:54	131	23	38	10	0,39	14	2011-11-08	03:29	693	3,70E+15	585	29	38	612	16	40	639	1	40
101	975	2011-11-09	08:54	2011-11-09	13:54	60	-28	19	14	0,88	35,8	2011-11-09	15:29	438	3,30E+15	878	-13	8	1092	-37	9	1476	-66	8
102	980	2011-11-12	18:54	2011-11-12	23:54	319	-84	8	45	0,73	22,6	2011-11-13	02:09	679	3,80E+16	404	20	-10	429	11	-9	459	2	-7
103	983	2011-11-14	19:54	2011-11-14	23:54	41	24	-34	-4	0,48	9,8	2011-11-14	23:29	661	4,50E+15	702	13	-30	814	-9	-25	967	-31	-17
104	1002	2011-11-22	21:54	2011-11-23	01:54	354	83	26	-72	0,38	10,3	2011-11-23	02:09	734	4,30E+15	572	49	32	584	44	34	594	37	35
105	1007	2011-11-26	06:54	2011-11-26	08:54	283	56	14	-41	0,63	44,2	2011-11-26	09:29	1334	1,00E+16	846	44	6	870	37	7	891	30	8
106	1058	2011-12-25	00:54	2011-12-25	04:54	196	-11	21	34	0,28	17,9	2011-12-25	04:49	573	3,20E+15	415	55	21	420	54	22	424	53	22
107	1061	2011-12-26	10:54	2011-12-26	13:54	189	0	23	37	0,36	15,9	2011-12-26	14:49	1100	4,40E+15	738	-2	21	889	-26	19	1148	-53	12
108	1067	2011-12-28	21:00	2011-12-29	11:54	133	-18	40	42	0,24	21,8	2011-12-29	12:09	230	2,30E+16	427	-23	40	452	-7	38	479	8	34
109	1068	2011-12-29	16:54	2011-12-29	19:54	244	98	7	-36	0,84	17,9	2011-12-29	20:49	732	2,20E+16	482	63	7	491	66	6	495	70	5
110	1069	2012-03-08	16:17	2012-03-08	20:39	191	-113	9	-53.6	0,6	19,2	2012-03-08	22:09	724	6,00E+15	782	-82	8	831	-94	7	879	-106	5
111	1070	2012-07-12	15:37	2012-07-12	18:39	88	8	-12	90	0,46	34,4	2012-07-12	18:49	1239	1,50E+16	1288	0	11	1584	-22	6	2111	-50	0
112	1071	2012-07-17	12:03	2012-07-17	16:55	78	63	-28	34,6	0,63	30,9	2012-07-09	16:49	1011	1,60E+16	1340	52	5	1473	36	5	1629	18	4
113	1072	2012-10-05	02:45	2012-10-05	07:24	55	11	-19	54	0,32	52	2012-10-05	07:29	574	6,40E+15	640	39	-15	728	20	-12	848	-1	-8
114	1073	2012-11-09	18:02	2012-11-09	17:49	289	-6	-13	22	0,33	34,9	2012-11-09	18:49	534	5,00E+16	415	32	5	464	14	7	529	-5	8
115	1074	2012-11-11	02:11	2012-11-11	05:45	334	58	-41	41	0,4	13	2012-11-11	06:49	754	3,00E+15	809	91	-30	878	106	-22	957	119	-13
116	1075	2012-11-20	12:36	2012-11-20	13:51	170	17	19	-65	0,38	31,9	2012-11-20	14:49	1079	5,20E+15	936	9	20	1203	-17	17	1760	-49	7
117	1076	2013-05-17	08:43	2013-05-17	10:39	298	-29	12	-52	0,33	13,9	2013-05-17	10:49	1588	1,00E+16	1087	-42	20	1255	-21	18	1494	1	13
118	1077	2013-06-20	11:34	2013-06-20	15:39	186	-52	-34	-41	0,15	9,5	2013-06-20	15:29	640	1,60E+15	825	-46	-24	879	-32	-22	941	-17	-18
119	1078	2013-07-18	19:57	2013-07-18	23:45	121	-99	10	90	0,25	15,2	2013-07-19	00:05	523	2,30E+15	732	-86	-12	743	-87	12	749	-87	-12
120	1079	2013-09-29	22:40	2013-09-29	23:24	9	33	43	-67	0,48	49	2013-09-30	00:09	1216	1,40E+16	802	38	-12	992	15	-6	1354	-13	1
121	1080	2013-10-02	19:54	2013-10-03	00:54	21	85	35	-90	0,33	44,9	2013-10-03	01:29	624	8,20E+15	597	59	14	633	46	16	674	31	16
122	1081	2013-10-25	14:51	2013-10-25	17:20	281	-74	13	68	0,45	22,7	2013-10-25	18:09	1088	7,70E+15	787	-62	29	826	-49	30	866	-35	29
